double[][] r_val = {
{11.7, 7.1, 14.7, 10.2, 5.87, 11.0, 12.2, 12.6, 8.27, 5.46},
{8.96, 5.3, 7.08, 9.1, 14.7, 11.6, 8.27, 6.45, 13.0, 8.21},
{14.9, 5.54, 13.7, 7.76, 13.6, 11.4, 6.47, 6.7, 11.6, 9.04},
{10.3, 12.9, 9.43, 12.9, 14.2, 10.7, 8.03, 10.5, 10.9, 14.2},
{10.9, 12.1, 12.7, 9.5, 13.8, 10.7, 7.01, 13.2, 8.46, 7.79},
{5.15, 13.0, 8.24, 14.0, 6.94, 11.3, 5.77, 5.95, 10.7, 13.8},
{6.8, 13.2, 14.1, 8.43, 5.15, 11.2, 13.1, 12.7, 7.17, 9.82},
{6.98, 8.13, 6.37, 7.52, 13.3, 5.44, 11.4, 6.19, 5.44, 5.45},
{12.9, 12.2, 10.9, 12.6, 7.95, 12.7, 8.97, 11.7, 11.4, 8.45},
{10.1, 10.4, 9.46, 6.69, 11.3, 11.8, 8.63, 11.1, 14.5, 5.68},
{10.5, 6.64, 6.81, 8.05, 11.4, 11.3, 5.9, 10.7, 10.9, 8.06},
{13.1, 7.49, 14.6, 14.1, 12.7, 12.9, 9.32, 14.9, 5.91, 5.08},
{11.7, 5.35, 11.8, 13.8, 12.4, 11.9, 9.88, 9.98, 13.4, 11.0},
{10.1, 13.3, 13.9, 13.4, 11.4, 8.74, 8.83, 5.66, 9.42, 13.5},
{9.46, 12.3, 7.92, 10.8, 5.06, 14.6, 11.6, 6.74, 11.5, 5.96},
{8.75, 11.1, 8.87, 13.7, 6.56, 14.3, 9.95, 12.4, 12.6, 5.25},
{6.86, 13.6, 10.3, 8.84, 12.5, 12.5, 6.83, 11.3, 8.22, 11.3},
{6.48, 7.52, 11.0, 13.8, 12.8, 14.5, 5.32, 6.85, 7.39, 8.95},
{8.0, 9.25, 13.7, 8.66, 7.22, 6.57, 8.9, 10.5, 8.11, 8.15},
{7.73, 10.1, 11.0, 11.3, 14.6, 10.1, 10.5, 11.9, 14.4, 8.56},
{6.0, 12.5, 13.8, 7.77, 6.4, 11.6, 6.23, 10.8, 5.75, 11.5},
{9.21, 11.8, 6.62, 11.1, 12.3, 10.8, 13.0, 8.07, 7.8, 5.01},
{5.06, 11.3, 8.88, 12.6, 12.3, 11.8, 11.7, 5.13, 12.1, 10.3},
{11.3, 10.2, 5.79, 12.1, 12.6, 5.56, 13.7, 14.6, 12.2, 10.1},
{6.52, 11.7, 5.63, 10.4, 10.2, 6.21, 12.1, 10.3, 14.7, 8.95},
{6.76, 9.26, 11.4, 10.9, 5.65, 11.9, 12.2, 12.9, 10.1, 7.24},
{11.3, 12.1, 10.3, 8.41, 8.78, 7.44, 8.85, 13.9, 8.49, 6.08},
{10.9, 6.61, 7.94, 8.93, 5.05, 7.58, 6.56, 12.9, 6.64, 14.8},
{13.9, 11.8, 14.2, 9.13, 10.4, 8.76, 13.8, 13.3, 7.33, 8.07},
{8.31, 10.5, 12.5, 13.5, 10.7, 12.7, 14.0, 5.27, 13.4, 12.9},
{14.4, 9.88, 8.77, 13.2, 10.7, 7.71, 6.02, 9.87, 9.18, 8.68},
{5.91, 12.2, 14.6, 6.31, 13.7, 10.2, 8.5, 14.3, 5.61, 14.0},
{10.1, 11.9, 14.9, 14.9, 10.6, 6.89, 8.28, 5.73, 8.65, 7.11},
{12.7, 14.8, 13.2, 5.11, 8.95, 7.17, 6.37, 11.3, 7.51, 12.3},
{7.17, 5.09, 6.61, 6.23, 14.7, 14.7, 14.5, 12.9, 5.35, 10.2},
{10.1, 7.6, 8.76, 5.29, 9.35, 11.8, 11.5, 6.97, 5.81, 8.26},
{8.37, 14.6, 8.69, 9.68, 5.03, 11.7, 11.5, 5.34, 7.36, 6.97},
{9.27, 13.8, 5.8, 13.4, 12.5, 11.1, 5.35, 6.94, 11.5, 8.14},
{14.3, 7.55, 13.6, 10.3, 7.61, 10.6, 11.8, 9.21, 12.4, 5.54},
{13.2, 14.6, 7.62, 14.9, 9.42, 10.5, 9.08, 5.74, 13.9, 9.38},
{7.58, 11.1, 12.1, 12.6, 6.7, 9.96, 14.7, 7.51, 11.8, 6.07},
{5.78, 12.3, 12.8, 11.1, 9.55, 5.76, 7.62, 7.1, 13.7, 7.06},
{12.1, 7.01, 7.75, 8.06, 9.93, 5.82, 9.21, 8.6, 13.5, 14.6},
{11.0, 11.2, 12.6, 14.9, 8.19, 11.8, 8.24, 11.1, 12.0, 7.52},
{13.4, 13.6, 5.02, 12.9, 12.5, 14.9, 9.47, 10.3, 6.54, 6.5},
{8.05, 12.5, 11.1, 13.7, 14.8, 5.87, 8.27, 11.3, 8.98, 8.66},
{6.04, 12.6, 5.8, 8.04, 9.93, 9.17, 11.4, 14.0, 5.8, 8.84},
{11.3, 10.1, 14.2, 14.6, 13.5, 13.3, 9.56, 7.13, 12.8, 8.65},
{9.28, 7.87, 9.76, 5.3, 12.1, 11.1, 7.76, 14.9, 5.3, 6.52},
{6.61, 14.4, 14.1, 5.84, 9.29, 8.16, 9.43, 10.1, 7.72, 7.3},
{12.1, 6.08, 7.44, 6.27, 13.3, 13.4, 12.8, 8.81, 5.23, 5.78},
{7.28, 8.76, 8.2, 13.2, 5.81, 13.0, 10.5, 13.3, 8.4, 6.85},
{13.7, 13.6, 7.2, 13.8, 5.06, 7.91, 11.1, 5.82, 13.6, 14.3},
{5.27, 10.2, 7.59, 11.9, 14.3, 14.6, 14.5, 8.49, 11.6, 11.4},
{5.89, 13.8, 9.5, 7.49, 13.4, 12.7, 5.69, 6.5, 14.4, 8.18},
{7.36, 13.4, 6.63, 6.34, 13.4, 14.3, 6.96, 5.04, 9.79, 6.72},
{7.7, 14.4, 14.9, 7.12, 10.5, 6.69, 14.3, 6.31, 7.64, 8.09},
{6.58, 5.19, 13.5, 14.6, 14.9, 5.78, 13.1, 9.88, 11.7, 5.03},
{14.8, 12.7, 14.3, 11.6, 7.7, 6.13, 5.74, 8.04, 8.32, 11.5},
{12.9, 13.3, 10.5, 13.8, 10.5, 13.6, 7.59, 7.94, 9.49, 10.8},
{8.0, 5.38, 12.2, 11.9, 5.86, 7.03, 8.42, 13.9, 14.0, 7.27},
{9.18, 11.7, 6.49, 8.41, 8.33, 9.48, 11.6, 6.85, 12.9, 7.52},
{8.75, 14.6, 7.54, 10.1, 14.0, 12.7, 8.99, 11.6, 14.0, 5.04},
{11.1, 10.8, 7.16, 13.8, 11.5, 6.03, 6.94, 11.0, 14.4, 6.97},
{11.3, 11.4, 6.97, 8.84, 7.79, 6.53, 8.18, 10.9, 14.4, 10.3},
{12.2, 10.6, 9.18, 10.6, 10.6, 9.03, 14.4, 13.0, 11.1, 5.03},
{13.8, 14.9, 10.5, 7.63, 13.1, 12.4, 5.94, 10.1, 7.19, 12.6},
{7.23, 9.97, 9.31, 8.19, 7.57, 13.0, 11.2, 13.4, 12.7, 11.1},
{13.6, 11.6, 9.44, 5.8, 12.2, 9.48, 9.06, 14.6, 11.8, 13.5},
{11.2, 14.7, 10.4, 7.09, 8.93, 6.85, 10.6, 11.1, 6.08, 10.1},
{13.9, 9.5, 11.6, 13.3, 11.8, 8.36, 7.54, 10.8, 13.4, 5.74},
{10.9, 12.0, 8.71, 14.3, 9.89, 7.94, 12.2, 10.4, 10.3, 9.33},
{10.9, 5.45, 8.1, 13.9, 6.54, 9.33, 8.43, 13.2, 11.4, 6.08},
{11.7, 10.8, 11.3, 6.36, 12.6, 8.05, 12.0, 12.6, 7.8, 13.6},
{5.92, 6.02, 12.7, 7.56, 11.4, 6.06, 8.04, 13.1, 6.04, 7.16},
{12.3, 9.15, 11.2, 7.97, 15.0, 13.7, 5.05, 12.6, 11.7, 6.01},
{14.7, 5.04, 12.2, 11.0, 11.2, 9.92, 6.38, 11.2, 13.1, 7.09},
{13.9, 13.2, 5.3, 7.67, 8.62, 8.96, 5.91, 13.5, 8.2, 14.0},
{13.1, 13.4, 14.3, 8.52, 7.4, 13.0, 9.84, 8.2, 8.71, 6.73},
{12.4, 14.7, 7.32, 12.5, 6.86, 8.75, 13.2, 14.5, 10.2, 11.0},
{8.82, 8.51, 6.43, 7.38, 13.3, 10.5, 10.8, 10.0, 9.35, 7.74},
{14.7, 5.5, 5.49, 7.76, 6.8, 5.85, 9.42, 10.9, 5.85, 9.71},
{10.8, 5.31, 5.92, 13.8, 14.2, 5.17, 5.15, 6.97, 14.8, 7.05},
{12.8, 12.4, 13.1, 9.62, 11.2, 14.6, 7.31, 5.98, 12.7, 12.5},
{12.0, 9.89, 12.3, 9.78, 8.73, 9.62, 11.8, 8.79, 13.1, 5.7},
{11.6, 14.3, 5.55, 11.4, 9.14, 8.5, 8.6, 7.16, 7.08, 8.42},
{11.8, 12.9, 14.7, 12.0, 11.1, 14.5, 9.67, 9.66, 10.7, 12.5},
{9.77, 11.2, 7.43, 6.04, 6.27, 11.6, 11.7, 14.0, 13.5, 9.55},
{10.2, 10.2, 11.5, 7.08, 7.99, 12.6, 11.1, 9.88, 12.2, 5.44},
{13.5, 11.2, 8.82, 10.8, 8.65, 14.0, 8.94, 13.7, 9.18, 9.18},
{13.0, 10.6, 9.71, 9.76, 13.3, 12.8, 13.1, 13.7, 7.28, 6.95},
{8.2, 10.2, 8.93, 11.7, 5.89, 7.27, 14.7, 6.46, 13.1, 10.2},
{5.89, 5.01, 6.41, 14.0, 9.42, 8.04, 9.76, 14.8, 14.3, 9.85},
{13.3, 6.57, 10.5, 8.78, 12.6, 5.47, 11.1, 12.4, 10.5, 12.1},
{12.2, 11.1, 14.9, 8.06, 14.2, 6.96, 11.6, 13.8, 14.1, 5.78},
{9.26, 8.16, 9.58, 14.3, 9.27, 11.6, 6.42, 6.16, 5.92, 8.72},
{6.91, 12.8, 12.2, 7.52, 6.08, 8.02, 11.6, 14.8, 6.99, 8.22},
{7.62, 11.4, 7.97, 10.7, 5.43, 10.8, 7.76, 7.57, 12.3, 10.5},
{6.42, 13.9, 6.56, 14.4, 12.9, 10.5, 7.3, 9.66, 12.3, 6.03},
{8.05, 13.3, 8.33, 14.7, 12.8, 5.31, 9.99, 7.71, 12.6, 8.87}};
double[][] v_val = {
{0.3, 0.128, 0.676, 0.407, 0.112, 0.371, 0.977, 0.848, 0.814, 0.401},
{0.319, 0.964, 0.941, 0.486, 0.0547, 0.972, 0.769, 0.966, 0.802, 0.907},
{0.565, 0.979, 0.52, 0.0625, 0.119, 0.124, 0.168, 0.931, 0.225, 0.278},
{0.744, 0.0131, 0.0338, 0.0374, 0.731, 0.0789, 0.42, 0.519, 0.239, 0.74},
{0.779, 0.474, 0.378, 0.42, 0.923, 0.952, 0.647, 0.083, 0.972, 0.99},
{0.374, 0.301, 0.41, 0.0291, 0.488, 0.526, 0.716, 0.0583, 0.171, 0.655},
{0.224, 0.687, 0.155, 0.23, 0.123, 0.631, 0.721, 0.886, 0.768, 0.327},
{0.668, 0.882, 0.698, 0.651, 0.796, 0.814, 0.0265, 0.974, 0.683, 0.866},
{0.12, 0.999, 0.803, 0.187, 0.716, 0.141, 0.248, 0.245, 0.893, 0.386},
{0.616, 0.26, 0.562, 0.875, 0.823, 0.0589, 0.372, 0.683, 0.9, 0.945},
{0.209, 0.498, 0.0417, 0.445, 0.68, 0.2, 0.447, 0.0163, 0.259, 0.538},
{0.741, 0.0682, 0.992, 0.395, 0.00878, 0.896, 0.931, 0.353, 0.73, 0.371},
{0.702, 0.535, 0.142, 0.493, 0.864, 0.947, 0.827, 0.139, 0.976, 0.792},
{0.55, 0.62, 0.533, 0.475, 0.638, 0.884, 0.171, 0.281, 0.431, 0.467},
{0.809, 0.939, 0.597, 0.541, 0.641, 0.545, 0.333, 0.648, 0.131, 0.579},
{0.757, 0.983, 0.423, 0.972, 0.00549, 0.309, 0.827, 0.455, 0.837, 0.856},
{0.297, 0.664, 0.765, 0.808, 0.0459, 0.715, 0.0198, 0.221, 0.727, 0.235},
{0.856, 0.459, 0.827, 0.058, 0.00745, 0.522, 0.183, 0.065, 0.318, 0.836},
{0.798, 0.893, 0.827, 0.367, 0.338, 0.482, 0.859, 0.156, 0.00207, 0.682},
{0.891, 0.621, 0.647, 0.395, 0.233, 0.219, 0.35, 0.976, 0.816, 0.325},
{0.803, 0.861, 0.615, 0.416, 0.207, 0.648, 0.49, 0.92, 0.575, 0.101},
{0.49, 0.306, 0.602, 0.807, 0.894, 0.296, 0.517, 0.449, 0.535, 0.257},
{0.571, 0.918, 0.18, 0.157, 0.0711, 0.751, 0.0141, 0.656, 0.13, 0.597},
{0.503, 0.195, 0.529, 0.699, 0.174, 0.179, 0.368, 0.609, 0.104, 0.589},
{0.393, 0.608, 0.141, 0.639, 0.183, 0.555, 0.151, 0.315, 0.597, 0.137},
{0.824, 0.889, 0.134, 0.746, 0.827, 0.774, 0.126, 0.448, 0.326, 0.295},
{0.927, 0.776, 0.183, 0.24, 0.494, 0.309, 0.347, 0.281, 0.0339, 0.276},
{0.231, 0.617, 0.619, 0.635, 0.108, 0.431, 0.933, 0.371, 0.807, 0.0165},
{0.563, 0.974, 0.261, 0.664, 0.484, 0.321, 0.669, 0.655, 0.662, 0.436},
{0.32, 0.973, 0.927, 0.854, 0.368, 0.561, 0.525, 0.555, 0.0811, 0.234},
{0.0156, 0.694, 0.359, 0.602, 0.419, 0.601, 0.555, 0.574, 0.776, 0.774},
{0.873, 0.328, 0.531, 0.831, 0.901, 0.811, 0.395, 0.651, 0.0389, 0.134},
{0.606, 0.177, 0.87, 0.461, 0.738, 0.599, 0.763, 0.229, 0.471, 0.885},
{0.236, 0.807, 0.993, 0.904, 0.861, 0.934, 0.925, 0.583, 0.755, 0.54},
{0.949, 0.848, 0.941, 0.79, 0.527, 0.302, 0.104, 0.46, 0.398, 0.879},
{0.545, 0.98, 0.742, 0.93, 0.343, 0.749, 0.171, 0.48, 0.0419, 0.572},
{0.981, 0.613, 0.367, 0.308, 0.293, 0.223, 0.775, 0.0811, 0.0165, 0.592},
{0.871, 0.659, 0.783, 0.521, 0.963, 0.836, 0.27, 0.99, 0.314, 0.919},
{0.565, 0.565, 0.853, 0.675, 0.488, 0.0284, 0.391, 0.329, 0.0242, 0.954},
{0.633, 0.453, 0.29, 0.197, 0.503, 0.865, 0.678, 0.523, 0.591, 0.863},
{0.1, 0.855, 0.736, 0.404, 0.487, 0.849, 0.0375, 0.076, 0.954, 0.782},
{0.842, 0.956, 0.289, 0.964, 0.469, 0.7, 0.685, 0.164, 0.726, 0.472},
{0.861, 0.747, 0.497, 0.55, 0.995, 0.525, 0.931, 0.709, 0.118, 0.514},
{0.0265, 0.737, 0.893, 0.0971, 0.636, 0.666, 0.926, 0.296, 0.187, 0.578},
{0.0249, 0.135, 0.646, 0.0835, 0.0642, 0.313, 0.518, 0.811, 0.373, 0.667},
{0.902, 0.514, 0.795, 0.132, 0.913, 0.639, 0.838, 0.194, 0.977, 0.453},
{0.577, 0.0268, 0.809, 0.081, 0.203, 0.825, 0.0897, 0.0427, 0.405, 0.0161},
{0.138, 0.147, 0.968, 0.355, 0.114, 0.836, 0.271, 0.106, 0.527, 0.323},
{0.572, 0.787, 0.0991, 0.132, 0.265, 0.214, 0.255, 0.875, 0.491, 0.79},
{0.785, 0.374, 0.795, 0.292, 0.46, 0.469, 0.71, 0.603, 0.632, 0.115},
{0.445, 0.133, 0.109, 0.61, 0.0844, 0.881, 0.843, 0.054, 0.953, 0.379},
{0.207, 0.393, 0.068, 0.977, 0.9, 0.631, 0.823, 0.207, 0.775, 0.0743},
{0.331, 0.172, 0.1, 0.693, 0.0677, 0.22, 0.0737, 0.956, 0.748, 0.34},
{0.592, 0.729, 0.574, 0.0241, 0.582, 0.0905, 0.274, 0.562, 0.42, 0.162},
{0.602, 0.99, 0.229, 0.296, 0.187, 0.171, 0.0772, 0.22, 0.914, 0.719},
{0.385, 0.994, 0.225, 0.751, 0.0496, 0.862, 0.026, 0.688, 0.0975, 0.362},
{0.0849, 0.567, 0.876, 0.279, 0.0961, 0.598, 0.0913, 0.299, 0.817, 0.94},
{0.208, 0.454, 0.936, 0.902, 0.0131, 0.711, 0.584, 0.0658, 0.368, 0.297},
{0.652, 0.0315, 0.436, 0.613, 0.311, 0.772, 0.923, 0.836, 0.42, 0.814},
{0.116, 0.545, 0.704, 0.718, 0.752, 0.985, 0.883, 0.58, 0.00321, 0.805},
{0.154, 0.533, 0.12, 0.371, 0.681, 0.461, 0.504, 0.0011, 0.0182, 0.405},
{0.261, 0.727, 0.608, 0.382, 0.503, 0.416, 0.78, 0.596, 0.956, 0.362},
{0.9, 0.243, 0.631, 0.691, 0.587, 0.414, 0.623, 0.18, 0.151, 0.789},
{0.295, 0.326, 0.669, 0.116, 0.407, 0.783, 0.356, 0.68, 0.955, 0.494},
{0.137, 0.257, 0.773, 0.128, 0.588, 0.245, 0.162, 0.671, 0.653, 0.979},
{0.107, 0.256, 0.796, 0.426, 0.842, 0.591, 0.493, 0.743, 0.816, 0.585},
{0.24, 0.423, 0.337, 0.00454, 0.47, 0.998, 0.434, 0.274, 0.0492, 0.52},
{0.708, 0.763, 0.257, 0.298, 0.235, 0.147, 0.414, 0.609, 0.775, 0.714},
{0.569, 0.357, 0.845, 0.686, 0.9, 0.902, 0.427, 0.922, 0.74, 0.54},
{0.359, 0.594, 0.399, 0.336, 0.677, 0.688, 0.168, 0.309, 0.465, 0.418},
{0.202, 0.168, 0.974, 0.908, 0.145, 0.0945, 0.0689, 0.744, 0.706, 0.266},
{0.268, 0.228, 0.56, 0.122, 0.924, 0.454, 0.248, 0.581, 0.327, 0.528},
{0.99, 0.671, 0.764, 0.554, 0.565, 0.324, 0.816, 0.215, 0.663, 0.277},
{0.442, 0.0625, 0.388, 0.325, 0.617, 0.841, 0.799, 0.381, 0.571, 0.473},
{0.664, 0.0841, 0.913, 0.525, 0.834, 0.91, 0.169, 0.274, 0.899, 0.0199},
{0.525, 0.704, 0.024, 0.311, 0.808, 0.0454, 0.145, 0.401, 0.994, 0.693},
{0.92, 0.513, 0.768, 0.61, 0.0996, 0.478, 0.933, 0.56, 0.231, 0.343},
{0.694, 0.763, 0.847, 0.296, 0.113, 0.827, 0.561, 0.876, 0.256, 0.0578},
{0.72, 0.711, 0.824, 0.476, 0.527, 0.228, 0.313, 0.166, 0.797, 0.0867},
{0.969, 0.778, 0.753, 0.288, 0.0864, 0.3, 0.522, 0.19, 0.431, 0.437},
{0.245, 0.901, 0.826, 0.199, 0.957, 0.775, 0.178, 0.549, 0.647, 0.979},
{0.491, 0.191, 0.164, 0.357, 0.635, 0.881, 0.87, 0.0619, 0.93, 0.81},
{0.212, 0.68, 0.8, 0.962, 0.608, 0.818, 0.0628, 0.487, 0.32, 0.378},
{0.617, 0.493, 0.223, 0.987, 0.573, 0.805, 0.619, 0.32, 0.109, 0.575},
{0.519, 0.261, 0.595, 0.82, 0.0502, 0.156, 0.755, 0.247, 0.889, 0.608},
{0.915, 0.95, 0.893, 0.547, 0.624, 0.846, 0.339, 0.543, 0.168, 0.927},
{0.416, 0.59, 0.773, 0.687, 0.9, 0.829, 0.54, 0.322, 0.16, 0.933},
{0.379, 0.548, 0.907, 0.13, 0.483, 0.129, 0.35, 0.0816, 0.144, 0.479},
{0.666, 0.0979, 0.918, 0.916, 0.939, 0.399, 0.445, 0.43, 0.996, 0.409},
{0.455, 0.0538, 0.774, 0.294, 0.737, 0.19, 0.152, 0.23, 0.114, 0.493},
{0.395, 0.104, 0.712, 0.142, 0.623, 0.639, 0.045, 0.621, 0.965, 0.163},
{0.715, 0.337, 0.313, 0.478, 0.756, 0.682, 0.825, 0.574, 0.907, 0.387},
{0.6, 0.148, 0.347, 0.262, 0.178, 0.154, 0.688, 0.67, 0.772, 0.852},
{0.242, 0.339, 0.405, 0.0892, 0.87, 0.349, 0.344, 0.773, 0.928, 0.403},
{0.508, 0.769, 0.108, 0.717, 0.751, 0.694, 0.202, 0.141, 0.182, 0.317},
{0.0801, 0.348, 0.928, 0.562, 0.412, 0.189, 0.0143, 0.311, 0.924, 0.572},
{0.254, 0.495, 0.213, 0.447, 0.317, 0.195, 0.428, 0.76, 0.391, 0.721},
{0.319, 0.464, 0.0848, 0.886, 0.475, 0.934, 0.493, 0.97, 0.759, 0.391},
{0.581, 0.0659, 0.24, 0.182, 0.293, 0.804, 0.148, 0.996, 0.055, 0.668},
{0.644, 0.399, 0.573, 0.379, 0.443, 0.246, 0.0907, 0.0587, 0.557, 0.843}};