double[][] r_val = {
{7.87, 14.8, 10.3, 9.8, 14.6, 8.39, 13.5, 7.92, 8.1, 14.2, 12.5, 11.6, 11.5, 12.4, 14.9, 6.79, 13.4, 14.9, 11.1, 11.0, 9.08, 7.33, 12.0, 10.3, 9.39, 10.4, 5.51, 9.16, 12.9, 11.3},
{13.5, 13.5, 9.05, 13.0, 13.7, 8.83, 12.6, 10.6, 13.1, 8.46, 13.2, 13.5, 12.0, 9.57, 14.7, 9.46, 10.6, 6.45, 12.3, 5.73, 12.6, 13.6, 9.23, 5.44, 11.8, 13.8, 14.2, 11.1, 12.8, 7.67},
{6.04, 8.42, 14.3, 5.87, 14.2, 6.98, 13.4, 5.25, 14.0, 5.75, 13.5, 14.3, 11.1, 5.3, 8.55, 5.25, 9.85, 9.78, 13.3, 12.7, 14.2, 5.21, 14.0, 11.1, 10.9, 12.4, 7.74, 5.74, 8.1, 5.66},
{7.66, 5.56, 6.31, 11.5, 7.39, 6.19, 7.21, 12.4, 8.18, 6.92, 13.0, 5.09, 5.73, 5.77, 8.17, 14.5, 5.93, 10.3, 9.66, 6.52, 11.2, 13.9, 13.0, 5.75, 11.9, 10.3, 5.44, 7.64, 9.18, 10.2},
{8.73, 5.03, 9.12, 9.11, 7.13, 13.6, 9.2, 14.6, 8.73, 11.9, 12.0, 5.94, 10.5, 14.9, 12.4, 11.7, 10.2, 11.5, 7.96, 11.6, 10.6, 11.2, 14.0, 13.0, 13.5, 13.7, 7.37, 14.5, 5.56, 12.6},
{6.41, 11.7, 7.1, 12.4, 5.56, 11.9, 10.3, 13.1, 6.94, 7.68, 5.28, 9.11, 12.9, 12.8, 13.2, 10.2, 6.16, 13.7, 11.0, 5.88, 7.42, 5.5, 12.0, 7.57, 11.2, 11.3, 11.0, 13.3, 5.32, 7.33},
{14.1, 14.7, 9.53, 9.71, 6.9, 7.49, 13.9, 8.92, 5.26, 7.87, 7.45, 12.8, 8.23, 12.4, 12.3, 10.2, 12.4, 9.0, 9.33, 9.62, 11.4, 10.8, 5.13, 11.6, 5.51, 6.12, 11.7, 13.0, 10.3, 10.7},
{13.4, 6.86, 13.3, 11.1, 7.62, 12.0, 13.5, 10.4, 8.59, 10.6, 7.85, 9.27, 6.23, 12.0, 13.0, 9.26, 14.0, 7.44, 13.4, 6.47, 12.6, 8.4, 8.46, 7.02, 9.0, 7.11, 13.7, 7.69, 12.4, 9.08},
{14.5, 8.16, 11.2, 9.58, 13.6, 13.1, 7.73, 9.35, 13.1, 5.84, 10.8, 6.69, 9.64, 6.23, 6.58, 5.87, 7.8, 10.3, 13.0, 14.4, 14.3, 8.7, 14.0, 13.6, 14.7, 6.7, 13.1, 10.6, 9.27, 7.76},
{7.77, 11.0, 14.6, 8.1, 9.16, 14.5, 13.1, 10.3, 14.0, 9.16, 11.6, 7.15, 7.31, 10.8, 6.91, 9.28, 8.62, 8.08, 13.2, 13.1, 5.02, 5.28, 5.16, 6.95, 8.58, 7.53, 6.87, 7.8, 6.81, 6.45},
{14.3, 10.4, 8.34, 5.42, 7.87, 7.0, 7.77, 7.4, 6.14, 14.2, 6.63, 9.78, 13.9, 10.3, 9.71, 13.9, 9.68, 14.7, 8.34, 9.04, 10.9, 6.52, 5.12, 13.2, 7.19, 11.7, 6.64, 5.57, 5.13, 7.91},
{13.7, 8.45, 9.12, 12.6, 10.3, 7.61, 7.37, 9.59, 6.54, 14.5, 12.9, 12.7, 11.1, 14.5, 12.7, 8.12, 13.4, 8.81, 10.8, 8.35, 6.73, 10.1, 12.5, 14.8, 7.0, 13.7, 11.6, 6.7, 13.4, 9.92},
{12.1, 8.42, 10.6, 14.3, 11.3, 7.87, 14.2, 5.97, 10.9, 12.9, 13.1, 6.87, 8.0, 14.0, 7.11, 5.49, 7.89, 14.1, 6.63, 14.0, 15.0, 10.2, 8.75, 7.68, 9.19, 11.3, 12.0, 9.38, 8.7, 13.0},
{7.84, 13.8, 12.1, 8.57, 7.09, 9.26, 5.04, 10.7, 14.2, 5.91, 10.2, 10.3, 12.4, 14.4, 9.78, 10.4, 7.63, 8.11, 5.23, 6.6, 9.66, 7.76, 7.95, 7.72, 12.5, 7.18, 10.4, 12.9, 8.26, 13.4},
{7.15, 13.1, 11.7, 5.71, 9.73, 9.47, 13.9, 10.7, 9.8, 10.5, 6.99, 13.9, 9.55, 5.66, 5.33, 9.72, 9.35, 13.1, 8.05, 14.8, 5.74, 13.0, 13.7, 12.3, 5.39, 10.7, 8.08, 7.19, 12.9, 13.8},
{9.54, 14.0, 12.8, 14.9, 8.83, 13.0, 9.56, 8.2, 12.4, 11.7, 9.72, 5.61, 11.1, 11.7, 5.49, 7.14, 8.37, 12.5, 9.6, 5.28, 5.18, 9.01, 14.6, 13.7, 10.1, 7.7, 12.1, 14.6, 6.99, 13.5},
{9.9, 9.81, 14.5, 8.16, 7.84, 5.73, 13.8, 6.35, 14.7, 11.9, 13.6, 5.41, 12.5, 7.38, 5.57, 10.0, 5.38, 11.6, 12.3, 13.4, 14.3, 7.02, 6.36, 9.68, 10.2, 6.07, 9.22, 6.07, 10.9, 5.17},
{10.9, 13.0, 10.3, 12.3, 5.86, 6.09, 9.91, 6.71, 11.4, 13.8, 6.19, 11.6, 7.23, 8.89, 8.55, 14.3, 9.43, 13.2, 6.66, 8.43, 11.1, 7.93, 7.24, 8.86, 8.45, 14.9, 13.4, 8.55, 9.76, 5.59},
{12.0, 12.2, 10.7, 8.2, 7.39, 12.3, 9.01, 15.0, 11.1, 6.43, 5.31, 14.6, 11.8, 6.89, 10.6, 7.38, 9.95, 5.97, 10.5, 12.6, 5.89, 13.7, 11.7, 10.9, 11.0, 6.03, 6.96, 6.14, 6.21, 14.8},
{7.6, 14.5, 11.8, 13.6, 5.98, 10.7, 8.23, 14.4, 11.6, 13.1, 6.94, 5.26, 7.64, 13.4, 5.14, 9.13, 7.86, 8.25, 9.61, 7.27, 14.4, 11.3, 7.81, 14.2, 12.2, 10.3, 6.51, 12.5, 5.1, 12.3},
{11.3, 7.9, 15.0, 5.34, 11.9, 9.64, 13.4, 5.65, 12.5, 11.0, 12.2, 13.9, 5.72, 9.29, 7.52, 14.5, 5.04, 6.2, 9.08, 5.07, 10.3, 12.3, 14.0, 7.53, 14.4, 11.6, 11.4, 11.1, 11.5, 5.04},
{12.8, 13.8, 10.6, 13.9, 9.43, 8.75, 8.48, 6.86, 6.47, 5.74, 11.8, 6.45, 9.65, 10.4, 7.25, 14.5, 10.4, 5.38, 14.2, 6.25, 9.2, 11.7, 13.7, 8.52, 8.07, 9.32, 13.9, 6.21, 7.89, 9.92},
{10.2, 7.27, 5.85, 6.61, 14.9, 6.54, 13.1, 7.78, 11.0, 12.2, 14.0, 5.16, 8.29, 10.8, 12.0, 8.47, 12.1, 10.6, 7.21, 11.4, 8.38, 11.8, 7.13, 6.34, 9.52, 10.8, 10.4, 8.15, 10.0, 11.4},
{8.92, 8.44, 11.8, 13.7, 14.9, 6.23, 12.4, 10.7, 11.4, 11.8, 11.6, 6.88, 9.68, 13.8, 14.3, 14.3, 5.49, 11.7, 10.6, 5.48, 13.1, 9.35, 5.64, 13.9, 14.8, 5.59, 14.4, 5.52, 9.04, 13.2},
{10.8, 7.59, 9.55, 7.88, 10.1, 14.0, 14.4, 11.9, 8.15, 7.05, 12.6, 10.7, 13.8, 10.9, 10.7, 11.1, 11.0, 10.8, 13.8, 5.03, 12.0, 8.9, 6.67, 11.9, 5.16, 6.12, 6.35, 8.5, 11.2, 14.5},
{5.34, 5.44, 7.79, 6.04, 11.7, 12.9, 11.9, 6.51, 12.1, 10.6, 12.8, 5.54, 6.41, 8.64, 12.0, 6.55, 7.25, 10.4, 7.59, 12.6, 6.83, 8.9, 13.4, 6.73, 9.27, 11.4, 6.45, 8.5, 6.93, 10.7},
{7.83, 9.23, 12.9, 11.5, 5.09, 13.3, 13.3, 5.86, 6.75, 13.1, 7.52, 11.1, 11.9, 9.9, 13.3, 8.64, 10.1, 12.9, 11.1, 12.9, 10.3, 13.9, 10.2, 13.3, 8.75, 15.0, 13.7, 14.0, 8.35, 11.8},
{12.0, 8.24, 6.58, 14.8, 6.56, 7.88, 8.44, 14.8, 7.23, 10.5, 5.61, 12.5, 11.5, 8.08, 14.8, 11.5, 13.4, 6.15, 10.7, 9.77, 5.07, 11.4, 11.7, 5.25, 13.9, 12.0, 8.21, 13.9, 13.4, 13.9},
{8.11, 11.6, 6.38, 12.1, 12.9, 14.1, 11.8, 5.1, 14.2, 9.68, 10.3, 6.23, 9.94, 14.9, 14.9, 6.02, 14.0, 13.4, 5.9, 13.3, 14.6, 11.5, 11.9, 15.0, 9.26, 7.37, 11.4, 6.18, 6.94, 11.9},
{11.6, 6.99, 10.5, 12.1, 13.1, 11.7, 14.8, 11.7, 13.4, 11.5, 8.62, 13.9, 12.7, 12.4, 10.9, 5.69, 8.07, 13.5, 13.8, 14.6, 7.61, 13.1, 9.08, 11.4, 13.3, 12.5, 15.0, 5.31, 9.1, 9.09},
{14.3, 9.76, 10.2, 5.42, 6.7, 10.3, 12.7, 9.49, 11.4, 8.02, 14.9, 7.66, 6.54, 15.0, 6.46, 12.0, 8.22, 9.52, 9.42, 7.11, 9.59, 13.8, 12.4, 13.3, 7.57, 5.63, 9.1, 6.91, 14.1, 12.5},
{14.9, 9.64, 12.7, 14.8, 9.21, 11.3, 13.7, 10.3, 12.1, 14.5, 12.5, 13.5, 7.16, 10.0, 10.8, 5.79, 5.19, 5.97, 9.52, 14.6, 14.9, 5.56, 7.0, 13.7, 10.2, 10.3, 8.48, 7.29, 6.31, 9.4},
{14.2, 14.9, 7.52, 6.65, 7.2, 14.6, 5.2, 11.0, 12.9, 6.93, 13.9, 6.88, 7.4, 12.5, 7.94, 5.29, 11.1, 8.78, 12.6, 7.01, 9.15, 6.57, 6.77, 13.7, 10.8, 15.0, 5.97, 13.9, 14.3, 10.5},
{8.09, 13.3, 14.5, 14.7, 5.54, 12.9, 13.8, 11.2, 10.9, 8.87, 9.63, 10.3, 5.22, 11.6, 14.1, 7.23, 10.6, 14.4, 13.3, 9.83, 11.9, 13.9, 7.33, 12.6, 12.9, 6.73, 13.9, 10.5, 8.73, 10.4},
{10.6, 14.3, 12.9, 8.04, 14.5, 5.13, 6.44, 9.18, 9.08, 5.58, 14.1, 11.8, 11.9, 9.29, 6.87, 12.7, 8.1, 12.3, 13.5, 6.64, 7.97, 12.5, 14.5, 5.53, 9.23, 5.57, 5.8, 14.0, 6.73, 9.01},
{10.8, 7.53, 5.26, 7.06, 13.4, 13.6, 13.4, 13.6, 5.64, 8.34, 9.12, 11.0, 6.58, 12.8, 9.63, 6.22, 12.4, 7.38, 11.8, 8.23, 8.6, 13.5, 10.1, 11.9, 9.66, 14.7, 14.0, 7.87, 11.4, 13.3},
{5.97, 9.61, 6.67, 7.93, 7.33, 10.2, 5.89, 14.3, 9.13, 6.43, 5.6, 9.39, 8.46, 7.45, 13.3, 5.37, 13.6, 10.5, 7.0, 9.88, 13.2, 5.9, 10.9, 12.9, 7.83, 8.94, 12.9, 12.7, 13.9, 5.73},
{8.32, 14.8, 13.8, 5.58, 12.3, 13.5, 6.23, 12.5, 8.91, 12.7, 7.18, 12.7, 14.9, 11.5, 9.26, 5.91, 11.6, 7.48, 14.6, 12.7, 6.97, 5.71, 5.36, 10.4, 7.51, 13.4, 11.4, 14.4, 5.37, 12.6},
{13.3, 13.2, 7.18, 5.33, 6.77, 8.5, 13.8, 9.41, 10.7, 13.9, 12.6, 14.1, 9.88, 8.23, 7.12, 8.17, 10.3, 12.0, 9.81, 5.59, 12.3, 8.95, 8.35, 5.66, 5.14, 5.18, 6.35, 7.94, 12.3, 12.7},
{13.1, 14.2, 7.69, 6.02, 9.19, 12.0, 5.21, 12.3, 6.92, 8.06, 8.11, 9.89, 7.7, 10.2, 5.41, 9.79, 10.3, 11.1, 6.19, 10.3, 6.85, 8.72, 14.8, 14.6, 6.21, 9.84, 12.4, 6.1, 5.6, 8.05},
{12.7, 6.45, 5.74, 7.33, 12.8, 6.07, 5.52, 6.71, 11.9, 7.44, 5.9, 13.3, 13.1, 5.2, 14.5, 13.4, 6.8, 9.06, 5.51, 14.6, 6.15, 8.27, 10.9, 12.6, 7.11, 8.56, 13.6, 11.8, 9.08, 5.48},
{12.6, 7.98, 13.9, 9.98, 5.72, 6.46, 13.9, 5.1, 6.25, 9.98, 11.5, 14.7, 12.5, 14.3, 7.05, 8.21, 12.2, 10.9, 11.1, 6.75, 6.34, 9.1, 13.3, 10.5, 8.8, 13.5, 10.5, 7.2, 10.8, 12.5},
{8.16, 6.18, 12.9, 8.69, 5.81, 13.8, 7.39, 14.4, 14.2, 8.91, 9.49, 5.1, 9.24, 9.62, 5.03, 9.89, 6.93, 14.8, 7.4, 8.33, 8.26, 6.61, 7.68, 5.84, 13.8, 12.6, 14.7, 12.8, 11.5, 8.51},
{14.2, 14.4, 12.8, 5.65, 9.33, 11.9, 5.85, 8.46, 6.01, 6.61, 14.8, 11.4, 10.4, 12.1, 10.2, 6.16, 7.69, 12.3, 14.4, 12.5, 13.9, 14.5, 10.5, 9.55, 14.9, 10.5, 5.57, 5.26, 9.37, 10.2},
{11.1, 6.11, 5.26, 5.66, 5.56, 10.0, 11.1, 14.2, 8.09, 8.72, 6.84, 5.05, 13.0, 8.71, 10.2, 12.0, 8.45, 11.1, 9.32, 11.5, 14.9, 14.5, 11.3, 14.9, 11.0, 7.65, 12.9, 7.38, 7.67, 8.47},
{9.43, 8.88, 13.6, 13.3, 9.98, 14.0, 7.01, 8.03, 13.0, 11.1, 12.3, 7.53, 14.2, 12.4, 11.8, 13.1, 5.5, 10.5, 5.88, 7.81, 12.6, 9.07, 6.68, 13.8, 13.9, 6.01, 13.2, 8.27, 5.23, 13.5},
{9.23, 5.44, 6.04, 8.5, 5.87, 7.32, 7.57, 11.0, 5.28, 5.37, 13.9, 11.1, 12.8, 10.2, 10.5, 6.07, 8.68, 7.26, 6.91, 12.6, 11.5, 10.7, 13.0, 12.3, 9.9, 7.16, 10.4, 9.29, 9.97, 8.07},
{12.9, 12.8, 8.55, 6.71, 14.2, 9.97, 6.21, 13.0, 9.68, 5.76, 14.8, 8.44, 6.65, 9.65, 8.07, 8.17, 5.35, 12.3, 5.0, 8.11, 8.5, 6.15, 10.2, 8.76, 8.22, 8.49, 5.66, 9.16, 12.3, 5.28},
{12.3, 7.1, 13.9, 9.68, 12.1, 14.2, 11.8, 9.23, 13.6, 7.19, 9.45, 9.41, 5.68, 8.61, 6.48, 13.3, 9.13, 13.6, 14.6, 10.0, 14.7, 11.1, 6.68, 6.11, 12.3, 10.2, 6.64, 8.53, 5.06, 6.42},
{13.4, 7.66, 8.64, 12.9, 11.8, 13.8, 13.7, 5.32, 8.48, 11.4, 6.58, 12.7, 10.5, 8.94, 12.3, 6.18, 10.4, 13.9, 9.05, 13.0, 9.51, 5.29, 13.7, 14.0, 9.31, 8.68, 12.0, 5.94, 6.87, 11.4},
{8.29, 11.5, 8.55, 7.27, 13.9, 14.4, 5.07, 13.5, 13.5, 6.94, 5.07, 14.7, 12.5, 12.4, 6.25, 11.3, 12.8, 14.5, 5.96, 12.4, 11.9, 11.3, 5.48, 5.06, 8.62, 11.4, 14.7, 5.28, 6.91, 14.2},
{6.66, 8.09, 13.7, 7.03, 13.0, 6.25, 8.67, 6.15, 6.03, 10.3, 6.91, 9.54, 12.3, 14.7, 6.59, 13.2, 8.49, 7.44, 8.05, 14.0, 10.8, 13.0, 11.8, 6.15, 11.5, 11.3, 6.07, 8.22, 10.9, 6.64},
{6.99, 14.1, 11.9, 5.59, 6.73, 9.8, 11.4, 12.0, 7.82, 12.4, 10.0, 12.7, 14.0, 11.2, 9.95, 8.34, 10.7, 10.1, 6.95, 6.44, 10.5, 6.38, 11.2, 7.43, 11.9, 11.9, 9.11, 5.1, 11.7, 14.2},
{14.3, 6.83, 13.5, 10.2, 5.84, 11.0, 9.25, 14.7, 6.47, 11.3, 10.1, 11.2, 14.5, 10.5, 8.3, 11.9, 6.1, 7.89, 12.7, 10.4, 8.08, 9.51, 13.5, 8.32, 11.4, 8.6, 13.7, 13.5, 11.2, 10.7},
{9.15, 7.81, 9.19, 7.36, 8.18, 6.03, 7.9, 5.71, 8.35, 9.05, 8.73, 14.5, 6.86, 7.91, 7.68, 8.36, 5.88, 6.97, 5.94, 5.08, 5.54, 7.62, 14.2, 14.1, 10.2, 5.97, 12.7, 5.04, 5.8, 10.8},
{11.5, 9.67, 9.26, 10.3, 6.57, 11.2, 12.3, 8.56, 13.0, 9.2, 5.52, 6.24, 5.04, 9.29, 11.3, 10.2, 8.33, 10.5, 14.5, 12.0, 11.0, 5.17, 6.02, 5.67, 12.5, 7.84, 12.7, 8.76, 12.5, 14.8},
{13.1, 12.5, 13.2, 14.7, 9.02, 9.65, 13.2, 6.95, 5.56, 12.1, 10.5, 13.4, 5.72, 10.2, 7.89, 14.9, 7.33, 11.4, 14.2, 14.5, 12.7, 6.21, 8.1, 11.0, 14.2, 12.8, 14.3, 12.9, 11.1, 13.5},
{13.1, 9.4, 5.92, 10.0, 8.49, 14.0, 10.7, 15.0, 10.8, 12.7, 5.49, 12.4, 13.2, 6.46, 6.41, 9.23, 14.4, 6.45, 8.9, 14.7, 11.3, 15.0, 8.65, 6.9, 8.52, 7.08, 12.1, 5.79, 13.6, 9.55},
{12.4, 8.63, 11.0, 8.23, 9.0, 12.0, 7.13, 5.07, 10.7, 10.3, 14.9, 10.3, 6.19, 10.8, 6.5, 7.13, 6.62, 10.2, 5.38, 8.42, 8.84, 7.61, 13.2, 8.39, 9.5, 13.3, 6.98, 13.6, 13.2, 13.8},
{7.04, 10.8, 10.0, 7.86, 6.25, 12.3, 10.6, 8.12, 5.88, 8.97, 9.1, 8.6, 14.2, 9.35, 7.55, 7.91, 7.49, 8.54, 6.04, 12.4, 14.4, 9.26, 8.0, 5.35, 9.51, 6.44, 10.2, 10.8, 10.8, 10.4},
{11.1, 12.8, 12.0, 6.18, 12.2, 14.7, 10.8, 8.27, 11.4, 12.9, 7.39, 14.3, 8.18, 6.08, 9.39, 11.2, 14.3, 8.25, 13.9, 12.4, 14.0, 11.9, 6.98, 5.15, 14.3, 5.47, 5.62, 10.5, 12.9, 14.8},
{8.69, 11.5, 8.92, 9.2, 6.12, 5.56, 11.6, 6.14, 8.24, 12.9, 13.8, 10.3, 9.31, 11.2, 11.8, 6.03, 12.2, 13.0, 14.9, 13.9, 13.2, 13.1, 8.74, 5.38, 9.32, 14.2, 11.9, 11.7, 11.3, 5.67},
{5.32, 5.05, 10.3, 8.36, 7.96, 14.2, 6.57, 13.7, 14.2, 7.09, 12.4, 6.67, 10.9, 7.36, 13.4, 5.47, 14.4, 13.0, 14.6, 12.1, 11.0, 8.64, 11.8, 11.6, 6.13, 14.3, 7.73, 10.4, 10.1, 7.93},
{9.92, 14.6, 10.7, 9.48, 14.8, 14.8, 7.15, 7.78, 8.68, 13.9, 8.24, 14.1, 6.71, 8.12, 5.5, 8.42, 14.3, 12.8, 9.9, 6.95, 7.92, 9.41, 6.04, 12.2, 13.8, 9.74, 9.06, 8.85, 7.49, 7.79},
{12.3, 12.5, 7.53, 11.7, 6.31, 8.38, 10.2, 10.3, 11.9, 12.8, 5.26, 12.4, 13.4, 9.61, 13.1, 7.78, 9.2, 9.2, 9.26, 12.5, 11.1, 6.97, 11.7, 14.3, 14.7, 13.9, 10.4, 14.0, 6.33, 12.2},
{12.0, 14.5, 5.62, 12.1, 11.9, 7.27, 12.5, 8.41, 12.5, 14.7, 13.3, 8.82, 5.58, 12.3, 9.83, 5.95, 11.1, 12.3, 11.5, 10.8, 6.38, 11.8, 8.51, 5.75, 12.8, 7.94, 11.6, 7.36, 8.77, 9.98},
{11.7, 14.5, 11.7, 6.62, 9.24, 5.72, 11.4, 11.6, 12.1, 6.69, 14.2, 11.9, 6.93, 6.65, 14.5, 7.27, 7.3, 9.42, 6.98, 8.52, 8.68, 14.0, 14.3, 9.85, 9.33, 13.4, 14.6, 7.9, 10.8, 13.9},
{11.1, 5.91, 13.2, 6.6, 13.3, 12.7, 13.9, 9.09, 14.6, 8.65, 9.18, 14.8, 14.3, 14.0, 12.3, 11.9, 11.3, 6.36, 14.1, 14.4, 12.7, 7.42, 13.2, 12.7, 10.8, 11.8, 6.71, 11.6, 6.02, 11.9},
{14.3, 7.01, 13.9, 7.24, 11.7, 14.8, 8.79, 7.31, 11.0, 8.34, 8.61, 10.7, 8.16, 13.1, 6.42, 5.33, 11.5, 9.41, 9.2, 7.4, 6.28, 7.22, 14.9, 8.33, 12.6, 8.69, 12.4, 12.7, 8.75, 7.58},
{10.5, 11.9, 11.7, 6.27, 6.53, 10.4, 10.6, 14.3, 14.5, 5.48, 11.3, 14.3, 8.69, 11.9, 13.0, 14.3, 8.46, 6.56, 8.75, 7.04, 14.0, 11.4, 6.51, 10.6, 14.3, 12.9, 8.24, 5.48, 12.8, 12.0},
{7.51, 8.33, 5.07, 8.29, 8.86, 11.5, 10.9, 6.9, 14.2, 13.5, 10.1, 6.53, 14.3, 6.47, 7.09, 12.5, 6.2, 7.98, 11.5, 8.79, 8.86, 9.94, 13.2, 6.49, 13.3, 7.17, 14.5, 9.21, 14.9, 12.1},
{12.5, 6.94, 8.14, 14.5, 9.49, 13.9, 7.08, 6.58, 10.2, 7.52, 7.42, 8.13, 7.79, 8.28, 7.26, 7.12, 12.1, 13.2, 7.8, 14.5, 8.63, 7.56, 6.81, 14.5, 5.35, 12.0, 10.1, 14.1, 10.9, 5.78},
{9.67, 7.58, 7.49, 7.31, 7.88, 14.6, 5.26, 8.03, 12.2, 13.9, 7.98, 6.23, 14.5, 5.17, 11.2, 11.0, 14.1, 5.34, 7.27, 8.76, 14.5, 8.96, 14.5, 6.93, 6.55, 12.5, 8.79, 12.6, 14.2, 6.92},
{10.2, 5.7, 10.7, 14.6, 8.48, 9.03, 5.2, 8.93, 14.7, 10.5, 13.5, 8.23, 7.11, 14.3, 7.98, 6.98, 14.5, 11.6, 14.7, 11.1, 10.2, 12.3, 8.83, 5.43, 14.0, 13.5, 10.2, 5.02, 10.9, 12.2},
{5.82, 13.3, 8.9, 10.6, 6.62, 13.8, 9.91, 8.42, 8.76, 13.7, 9.97, 5.76, 13.1, 10.5, 9.12, 14.5, 8.13, 5.37, 11.7, 7.52, 13.8, 9.27, 11.9, 9.22, 7.9, 10.9, 11.3, 10.7, 6.89, 6.68},
{6.97, 8.28, 7.3, 7.63, 13.0, 14.9, 5.53, 7.98, 9.02, 6.21, 6.58, 5.3, 12.2, 6.95, 14.7, 12.5, 13.1, 14.7, 11.7, 5.65, 5.33, 11.0, 9.99, 13.8, 5.74, 11.6, 12.8, 9.32, 9.26, 12.3},
{12.2, 9.61, 9.58, 5.54, 12.1, 14.7, 6.58, 9.57, 14.0, 5.72, 14.9, 11.6, 5.03, 13.9, 10.6, 9.93, 12.8, 10.2, 14.6, 12.7, 11.0, 10.7, 5.76, 12.9, 15.0, 11.7, 6.31, 11.9, 7.48, 5.82},
{8.08, 7.23, 6.72, 7.49, 7.36, 10.4, 13.8, 13.9, 11.0, 6.47, 6.03, 5.85, 7.71, 6.33, 7.91, 7.83, 11.3, 7.36, 11.5, 8.5, 5.23, 9.56, 13.1, 15.0, 10.2, 6.99, 12.6, 7.11, 8.82, 7.18},
{7.87, 10.6, 14.7, 13.0, 5.65, 9.68, 14.2, 14.8, 5.18, 13.4, 14.0, 12.3, 12.4, 11.3, 7.38, 8.77, 5.52, 7.76, 6.6, 12.8, 14.2, 14.8, 11.0, 14.0, 8.92, 8.67, 11.7, 13.9, 7.69, 5.28},
{7.94, 13.1, 10.9, 13.1, 11.5, 10.1, 7.46, 5.25, 8.23, 10.4, 7.44, 13.9, 8.81, 12.6, 9.57, 13.4, 13.0, 7.94, 13.7, 10.5, 14.0, 14.7, 11.8, 13.2, 11.8, 6.6, 12.1, 11.7, 8.25, 5.31},
{5.44, 6.8, 6.97, 7.95, 13.7, 5.99, 5.92, 6.03, 13.1, 7.02, 11.0, 12.4, 9.04, 13.0, 13.0, 5.96, 8.57, 5.38, 11.9, 7.59, 13.0, 13.0, 5.37, 10.4, 12.5, 8.89, 10.7, 13.4, 8.19, 7.86},
{12.0, 7.66, 10.2, 11.6, 6.81, 6.99, 12.3, 9.29, 8.89, 9.18, 5.11, 5.66, 6.49, 13.9, 14.9, 9.16, 7.89, 8.0, 14.4, 7.25, 8.41, 10.3, 7.6, 6.87, 5.66, 10.5, 10.5, 11.6, 12.3, 10.5},
{13.7, 8.7, 8.01, 6.62, 14.8, 12.9, 5.11, 6.15, 11.2, 14.4, 14.3, 13.1, 6.58, 13.7, 10.1, 9.91, 5.3, 5.67, 7.21, 5.39, 14.8, 9.18, 13.1, 11.4, 14.3, 11.9, 12.4, 12.6, 5.08, 10.1},
{12.5, 7.79, 5.16, 7.79, 13.6, 11.0, 9.23, 11.4, 5.29, 6.26, 12.2, 8.16, 7.98, 10.5, 10.3, 9.79, 7.71, 11.2, 5.28, 14.8, 6.48, 9.99, 9.47, 5.9, 12.1, 13.2, 12.0, 10.5, 14.4, 5.45},
{9.7, 6.21, 7.09, 13.0, 8.16, 14.7, 7.17, 6.66, 10.2, 9.4, 5.57, 7.13, 13.1, 6.97, 6.63, 7.24, 7.68, 12.3, 15.0, 8.64, 13.3, 11.9, 11.9, 12.9, 9.21, 10.7, 5.52, 9.05, 10.1, 11.5},
{11.1, 13.1, 11.1, 8.77, 11.2, 5.96, 6.42, 8.97, 7.54, 10.9, 9.71, 14.7, 8.13, 11.6, 7.56, 10.8, 7.05, 6.49, 8.08, 14.1, 6.07, 6.98, 10.7, 9.44, 9.55, 8.42, 14.8, 9.3, 7.23, 7.28},
{8.27, 14.4, 11.4, 8.76, 8.46, 7.72, 7.93, 12.5, 10.9, 14.4, 12.7, 6.22, 14.5, 14.6, 8.05, 9.46, 13.3, 7.12, 5.14, 12.7, 7.61, 5.69, 13.0, 9.14, 10.2, 10.9, 14.3, 8.31, 5.97, 14.3},
{13.4, 5.32, 5.01, 13.5, 13.0, 9.22, 12.1, 8.19, 7.82, 8.67, 8.77, 12.9, 9.26, 14.5, 15.0, 10.3, 12.5, 11.8, 11.9, 5.35, 14.9, 5.87, 8.3, 10.2, 14.4, 10.2, 5.64, 5.08, 8.89, 5.67},
{10.9, 9.04, 11.9, 13.8, 6.91, 11.6, 11.0, 8.55, 13.0, 14.6, 7.62, 14.6, 12.6, 8.65, 11.0, 11.1, 14.1, 10.8, 9.64, 14.8, 7.3, 10.5, 7.68, 5.22, 7.17, 6.98, 5.02, 11.4, 10.6, 10.1},
{13.2, 9.08, 14.9, 11.4, 11.1, 10.5, 7.68, 14.5, 7.53, 12.3, 11.5, 14.5, 9.51, 8.61, 9.19, 12.1, 8.39, 8.94, 6.63, 6.58, 7.9, 14.0, 5.16, 7.42, 10.9, 13.6, 5.25, 5.5, 14.3, 14.3},
{7.6, 7.29, 13.0, 6.67, 9.53, 8.33, 9.08, 14.6, 7.21, 14.6, 10.4, 11.7, 6.65, 13.0, 10.1, 11.5, 9.02, 14.1, 7.45, 12.3, 8.32, 14.3, 14.8, 8.17, 11.9, 14.9, 7.57, 11.6, 6.71, 9.8},
{5.64, 14.9, 7.09, 5.53, 9.3, 10.2, 11.7, 9.6, 12.7, 10.6, 10.7, 5.61, 12.3, 7.42, 14.9, 6.59, 9.54, 10.4, 14.9, 10.0, 8.84, 11.3, 14.7, 10.6, 6.31, 13.5, 13.7, 9.73, 14.9, 11.1},
{7.84, 12.3, 5.69, 7.3, 6.6, 5.1, 7.19, 8.91, 12.9, 12.0, 6.59, 12.4, 7.49, 5.88, 9.95, 13.9, 9.71, 7.22, 10.5, 12.7, 11.3, 13.5, 6.91, 5.67, 10.2, 5.85, 5.51, 7.53, 5.48, 10.6},
{13.7, 10.1, 6.18, 8.09, 13.0, 8.39, 9.78, 11.8, 5.05, 14.0, 7.98, 13.3, 12.3, 7.27, 10.5, 12.9, 12.9, 13.4, 10.0, 6.39, 7.33, 10.5, 13.3, 11.1, 8.79, 8.86, 7.44, 8.72, 12.0, 13.5},
{10.2, 12.2, 7.16, 5.95, 9.54, 8.62, 7.48, 11.4, 5.42, 11.0, 13.5, 12.4, 14.3, 6.44, 7.18, 10.3, 15.0, 7.44, 12.9, 9.71, 9.66, 9.24, 5.05, 14.3, 5.72, 5.62, 13.4, 12.2, 5.95, 9.93},
{11.0, 14.2, 7.85, 9.72, 10.3, 10.2, 5.1, 6.14, 9.05, 10.3, 6.57, 11.9, 14.6, 10.8, 11.0, 13.5, 13.8, 7.87, 7.67, 7.16, 12.8, 12.8, 6.43, 8.57, 8.44, 7.42, 12.1, 10.8, 10.7, 8.84},
{11.5, 6.41, 11.8, 5.79, 14.2, 12.2, 8.63, 12.0, 8.43, 7.57, 7.06, 13.4, 9.54, 11.1, 10.8, 9.82, 7.72, 9.73, 8.48, 12.3, 5.9, 11.1, 5.56, 12.3, 11.0, 8.93, 11.1, 9.61, 13.7, 5.04},
{10.4, 7.92, 5.07, 5.34, 7.83, 12.5, 10.3, 6.98, 7.41, 12.7, 12.6, 8.61, 9.17, 8.16, 13.0, 7.24, 14.0, 8.07, 14.0, 7.76, 11.0, 5.43, 6.61, 13.7, 13.5, 12.1, 6.05, 10.7, 14.6, 11.5},
{8.92, 5.57, 11.3, 8.56, 11.9, 8.23, 14.8, 10.0, 11.2, 13.9, 10.7, 9.44, 7.14, 7.79, 10.5, 14.5, 7.15, 14.8, 14.7, 6.2, 8.0, 11.5, 13.0, 13.0, 5.41, 8.56, 7.3, 13.9, 5.33, 14.0},
{7.25, 8.59, 11.9, 12.5, 10.3, 13.9, 10.5, 15.0, 10.2, 10.0, 5.47, 9.17, 10.4, 9.67, 7.29, 10.5, 12.5, 9.23, 12.5, 7.92, 10.9, 11.0, 5.94, 10.3, 7.65, 8.64, 5.7, 12.8, 14.8, 11.7}};
double[][] v_val = {
{0.781, 1.0, 0.44, 0.243, 0.626, 0.693, 0.584, 0.893, 0.125, 0.626, 0.285, 0.0611, 0.656, 0.696, 0.431, 0.0668, 0.52, 0.977, 0.533, 0.391, 0.0243, 0.191, 0.185, 0.718, 0.0429, 0.38, 0.357, 0.67, 0.578, 0.566},
{0.666, 0.684, 0.0878, 0.516, 0.0132, 0.742, 0.598, 0.933, 0.241, 0.91, 0.877, 0.645, 0.699, 0.894, 0.176, 0.64, 0.865, 0.0709, 0.33, 0.0164, 0.412, 0.697, 0.207, 0.193, 0.372, 0.255, 0.803, 0.946, 0.287, 0.147},
{0.489, 0.119, 0.493, 0.187, 0.181, 0.0766, 0.93, 0.605, 0.449, 0.245, 0.122, 0.513, 0.846, 0.308, 0.231, 0.0441, 0.965, 0.907, 0.312, 0.626, 0.997, 0.908, 0.177, 0.085, 0.813, 0.585, 0.513, 0.549, 0.838, 0.294},
{0.14, 0.347, 0.228, 0.462, 0.553, 0.368, 0.135, 0.995, 0.163, 0.587, 0.0681, 0.408, 0.847, 0.711, 0.624, 0.287, 0.733, 0.151, 0.104, 0.893, 0.351, 0.786, 0.792, 0.00575, 0.537, 0.215, 0.912, 0.326, 0.755, 0.462},
{0.521, 0.0319, 0.71, 0.335, 0.886, 0.312, 0.411, 0.903, 0.0852, 0.956, 0.0737, 0.792, 0.864, 0.346, 0.502, 0.258, 0.0268, 0.417, 0.858, 0.245, 0.86, 0.426, 0.945, 0.892, 0.382, 0.617, 0.416, 0.177, 0.417, 0.093},
{0.538, 0.679, 0.778, 0.511, 0.422, 0.645, 0.0704, 0.395, 0.842, 0.834, 0.889, 0.176, 0.0626, 0.833, 0.424, 0.282, 0.299, 0.809, 0.757, 0.851, 0.714, 0.903, 0.342, 0.921, 0.0959, 0.724, 0.478, 0.153, 0.608, 0.646},
{0.751, 0.442, 0.258, 0.865, 0.749, 0.977, 0.982, 0.436, 0.554, 0.604, 0.485, 0.722, 0.777, 0.556, 0.23, 0.987, 0.167, 0.891, 0.228, 0.0792, 0.0542, 0.217, 0.522, 0.404, 0.155, 0.536, 0.497, 0.661, 0.496, 0.293},
{0.431, 0.0384, 0.494, 0.96, 0.915, 0.824, 0.441, 0.727, 0.039, 0.648, 0.937, 0.152, 0.504, 0.802, 0.0145, 0.837, 0.0283, 0.351, 0.999, 0.463, 0.716, 0.998, 0.357, 0.773, 0.269, 0.887, 0.055, 0.33, 0.193, 0.835},
{0.212, 0.133, 0.389, 0.671, 0.0443, 0.425, 0.775, 0.65, 0.385, 0.269, 0.836, 0.157, 0.299, 0.734, 0.24, 0.141, 0.554, 0.76, 0.924, 0.999, 0.976, 0.0528, 0.283, 0.865, 0.953, 0.564, 0.37, 0.506, 0.61, 0.419},
{0.237, 0.288, 0.419, 0.345, 0.822, 0.913, 0.275, 0.96, 0.0272, 0.887, 0.293, 0.476, 0.87, 0.934, 0.858, 0.675, 0.869, 0.795, 0.691, 0.219, 0.0463, 0.135, 0.951, 0.639, 0.197, 0.507, 0.643, 0.579, 0.319, 0.588},
{0.854, 0.131, 0.342, 0.129, 0.583, 0.334, 0.566, 0.345, 0.187, 0.189, 0.434, 0.685, 0.713, 0.741, 0.547, 0.2, 0.626, 0.0951, 0.0578, 0.965, 0.725, 0.419, 0.851, 0.254, 0.237, 0.282, 0.133, 0.435, 0.387, 0.906},
{0.346, 0.786, 0.939, 0.163, 0.542, 0.689, 0.496, 0.394, 0.608, 0.916, 0.569, 0.394, 0.994, 0.954, 0.687, 0.135, 0.837, 0.581, 0.0649, 0.0582, 0.621, 0.152, 0.609, 0.0298, 0.771, 0.298, 0.262, 0.275, 0.825, 8.89E-5},
{0.972, 0.888, 0.0782, 0.238, 0.801, 0.737, 0.848, 0.676, 0.94, 0.862, 0.742, 0.0964, 0.65, 0.673, 0.593, 0.524, 0.405, 0.562, 0.934, 0.265, 0.743, 0.733, 0.177, 0.312, 0.613, 0.346, 0.876, 0.806, 0.222, 0.307},
{0.725, 0.547, 0.657, 0.28, 0.188, 0.723, 0.805, 0.758, 0.898, 0.337, 0.334, 0.277, 0.226, 0.0365, 0.759, 0.0926, 0.663, 0.296, 0.864, 0.919, 0.908, 0.161, 0.99, 0.549, 0.804, 0.0161, 0.973, 0.442, 0.527, 0.0784},
{0.74, 0.614, 0.661, 0.576, 0.838, 0.406, 0.0567, 0.816, 0.409, 0.967, 0.622, 0.605, 0.397, 0.536, 0.438, 0.723, 0.979, 0.847, 0.84, 0.404, 0.522, 0.246, 0.362, 0.0498, 0.555, 0.348, 0.694, 0.605, 0.553, 0.325},
{0.0326, 0.327, 0.524, 0.137, 0.489, 0.891, 0.699, 0.314, 0.426, 0.0449, 0.819, 0.0993, 0.894, 0.266, 0.801, 0.0494, 0.533, 0.134, 0.803, 0.414, 0.616, 0.368, 0.954, 0.887, 0.0919, 0.745, 0.264, 0.548, 0.813, 0.344},
{0.498, 0.0947, 0.306, 0.835, 0.0191, 0.677, 0.751, 0.766, 0.873, 0.932, 0.057, 0.0477, 0.642, 0.0406, 0.185, 0.105, 0.829, 0.896, 0.0973, 0.395, 0.794, 0.71, 0.997, 0.25, 0.51, 0.644, 0.738, 0.247, 0.67, 0.292},
{0.558, 0.58, 0.893, 0.1, 0.522, 0.113, 0.0659, 0.0561, 0.333, 0.0925, 0.0916, 0.227, 0.385, 0.727, 0.546, 0.983, 0.226, 0.0701, 0.0306, 0.981, 0.806, 0.939, 0.235, 0.246, 0.162, 0.81, 0.972, 0.936, 0.445, 0.901},
{0.719, 0.61, 0.406, 0.9, 0.414, 0.0933, 0.771, 0.0503, 0.557, 0.266, 0.119, 0.54, 0.847, 0.357, 0.176, 0.407, 0.913, 0.582, 0.66, 0.424, 0.876, 0.192, 0.0784, 0.658, 0.791, 0.286, 0.116, 0.667, 0.207, 0.951},
{0.514, 0.549, 0.395, 0.571, 0.578, 0.282, 0.993, 0.386, 0.716, 0.0796, 0.0929, 0.63, 0.649, 0.711, 0.0468, 0.831, 0.183, 0.99, 0.498, 0.111, 0.699, 0.902, 0.417, 0.556, 0.737, 0.0584, 0.162, 0.00182, 0.347, 0.448},
{0.824, 0.806, 0.0642, 0.693, 0.387, 0.443, 0.691, 0.258, 0.464, 0.00845, 0.251, 0.326, 0.638, 0.958, 0.773, 0.298, 0.668, 0.662, 0.804, 0.113, 0.0839, 0.618, 0.779, 0.87, 0.939, 0.393, 0.661, 0.424, 0.742, 0.63},
{0.481, 0.949, 0.834, 0.701, 0.685, 0.644, 0.737, 0.845, 0.418, 0.0644, 0.226, 0.862, 0.154, 0.768, 0.176, 0.701, 0.311, 0.24, 0.416, 0.525, 0.735, 0.304, 0.139, 0.0852, 0.221, 0.476, 0.618, 0.477, 0.442, 0.967},
{0.27, 0.626, 0.943, 0.29, 0.302, 0.0761, 0.0932, 0.683, 0.5, 0.907, 0.138, 0.802, 0.9, 0.877, 0.746, 0.389, 0.37, 0.109, 0.702, 0.877, 0.381, 0.916, 0.627, 0.134, 0.47, 0.58, 0.88, 0.81, 0.181, 0.185},
{0.0427, 0.983, 0.492, 0.824, 0.607, 0.0708, 0.00353, 0.769, 0.791, 0.216, 0.402, 0.425, 0.599, 0.591, 0.979, 0.17, 0.546, 0.339, 0.213, 0.389, 0.672, 0.109, 0.689, 0.302, 0.745, 0.383, 0.882, 0.414, 0.809, 0.062},
{0.555, 0.66, 0.452, 0.0121, 0.816, 0.59, 0.457, 0.529, 0.0842, 0.168, 0.718, 0.93, 0.492, 0.0172, 0.569, 0.726, 0.491, 0.2, 0.926, 0.0862, 0.688, 0.856, 0.876, 0.549, 0.168, 0.283, 0.622, 0.185, 0.833, 0.301},
{0.908, 0.672, 0.529, 0.966, 0.341, 0.992, 0.964, 0.98, 0.241, 0.694, 0.713, 0.371, 0.914, 0.949, 0.799, 0.279, 0.497, 0.835, 0.65, 0.923, 0.769, 0.576, 0.424, 0.0942, 0.568, 0.682, 0.993, 0.745, 0.715, 0.191},
{0.0915, 0.509, 0.585, 0.493, 0.409, 0.24, 0.719, 0.415, 0.635, 0.894, 0.127, 0.545, 0.739, 0.342, 0.169, 0.99, 0.993, 0.941, 0.166, 0.0321, 0.516, 0.948, 0.126, 0.387, 0.351, 0.111, 0.246, 0.0189, 0.35, 0.0159},
{0.0625, 0.725, 0.389, 0.0187, 0.412, 0.943, 0.672, 0.853, 0.591, 0.484, 0.155, 0.236, 0.361, 0.165, 0.349, 0.0654, 0.683, 0.521, 0.0356, 0.0249, 0.348, 0.0783, 0.65, 0.695, 0.871, 0.885, 0.356, 0.494, 0.317, 0.256},
{0.0903, 0.0256, 0.94, 0.938, 0.0814, 0.682, 0.778, 0.161, 0.627, 0.564, 0.614, 0.269, 0.136, 0.0664, 0.921, 0.9, 0.721, 0.702, 0.721, 0.916, 0.838, 0.999, 0.464, 0.533, 0.769, 0.553, 0.354, 0.383, 0.943, 0.566},
{0.746, 0.427, 0.386, 0.458, 0.515, 0.965, 0.801, 0.374, 0.55, 0.167, 0.0634, 0.677, 0.749, 0.862, 0.135, 0.76, 0.176, 0.514, 0.685, 0.749, 0.269, 0.609, 0.919, 0.936, 0.24, 0.915, 0.403, 0.03, 0.0662, 0.294},
{0.882, 0.544, 0.717, 0.0643, 0.385, 0.909, 0.507, 0.0807, 0.116, 0.151, 0.725, 0.0156, 0.916, 0.197, 0.925, 0.537, 0.305, 0.163, 0.54, 0.342, 0.374, 0.191, 0.692, 0.257, 0.0595, 0.666, 0.359, 0.852, 0.553, 0.916},
{0.286, 0.289, 0.873, 0.691, 0.289, 0.349, 0.87, 0.0442, 0.84, 0.858, 0.184, 0.409, 0.0866, 0.952, 0.917, 0.986, 0.688, 0.902, 0.0529, 0.748, 0.128, 0.454, 0.883, 0.66, 0.387, 0.888, 0.958, 0.938, 0.12, 0.245},
{0.346, 0.434, 0.741, 0.452, 0.198, 0.478, 0.0486, 0.274, 0.915, 0.751, 0.3, 0.323, 0.409, 0.037, 0.865, 0.568, 0.249, 0.92, 0.861, 0.0562, 0.699, 0.77, 0.415, 0.803, 0.927, 0.591, 0.444, 0.0616, 0.89, 0.57},
{0.0978, 0.419, 0.688, 0.402, 0.264, 0.439, 0.378, 0.735, 0.771, 0.794, 0.538, 0.3, 0.192, 0.109, 0.101, 0.573, 0.391, 0.962, 0.209, 0.0441, 0.2, 0.75, 0.13, 0.424, 0.889, 0.386, 0.492, 0.378, 0.296, 0.0264},
{0.361, 0.61, 0.792, 0.282, 0.928, 0.382, 0.448, 0.631, 0.827, 0.809, 0.073, 0.987, 0.36, 0.497, 0.995, 0.617, 0.127, 0.363, 0.749, 0.889, 0.859, 0.729, 0.0498, 0.535, 0.456, 3.52E-4, 0.71, 0.399, 0.499, 0.529},
{0.383, 0.873, 0.764, 0.49, 0.288, 0.477, 0.504, 0.843, 0.303, 0.292, 0.516, 0.723, 0.0702, 0.206, 0.26, 0.841, 0.0197, 0.167, 0.569, 0.716, 0.439, 0.923, 0.682, 0.83, 0.998, 0.927, 0.665, 0.0406, 0.363, 0.394},
{0.45, 0.824, 0.8, 0.693, 0.036, 0.184, 0.914, 0.545, 0.611, 0.312, 0.911, 0.725, 0.617, 0.328, 0.0334, 0.239, 0.0338, 0.683, 0.0627, 0.16, 0.382, 0.0572, 0.0303, 0.607, 0.242, 0.837, 0.537, 0.555, 0.284, 0.495},
{0.318, 0.432, 0.0954, 0.47, 0.959, 0.733, 0.314, 0.362, 0.893, 0.0753, 0.845, 0.536, 0.0842, 0.428, 0.172, 0.461, 0.0449, 0.463, 0.0459, 0.376, 0.0648, 0.228, 0.0505, 0.0905, 0.815, 0.618, 0.837, 0.0377, 0.712, 0.324},
{0.03, 0.878, 0.685, 0.245, 0.0812, 0.259, 0.245, 0.553, 0.592, 0.547, 0.00214, 0.865, 0.869, 0.63, 0.0206, 0.251, 0.741, 0.103, 0.654, 9.63E-4, 0.89, 0.437, 0.767, 0.397, 0.241, 0.949, 0.47, 0.913, 0.157, 0.67},
{0.787, 0.567, 0.469, 0.425, 0.867, 0.387, 0.61, 0.721, 0.667, 0.18, 0.375, 0.273, 0.23, 0.0751, 0.0658, 0.244, 0.959, 0.549, 0.0584, 0.533, 0.535, 0.878, 0.0415, 0.701, 0.364, 0.237, 0.462, 0.355, 0.708, 0.892},
{0.94, 0.0793, 0.892, 0.205, 0.673, 0.246, 0.222, 0.394, 0.0975, 0.284, 0.522, 0.267, 0.337, 0.238, 0.429, 0.384, 0.192, 0.708, 0.838, 0.345, 0.695, 0.483, 0.141, 0.179, 0.518, 0.477, 0.165, 0.0217, 0.719, 0.773},
{0.937, 0.554, 0.627, 0.874, 0.685, 0.898, 0.872, 0.487, 0.714, 0.935, 0.825, 0.428, 0.0442, 0.249, 0.98, 0.464, 0.976, 0.146, 0.036, 0.196, 0.948, 0.479, 0.709, 0.299, 0.363, 0.2, 0.532, 0.706, 0.247, 0.884},
{0.169, 0.569, 0.914, 0.649, 0.0198, 0.0811, 0.00623, 0.206, 0.117, 0.482, 0.572, 0.977, 0.599, 0.842, 0.0663, 0.495, 0.282, 0.449, 0.424, 0.55, 0.0771, 0.881, 0.593, 0.769, 0.304, 0.0928, 0.182, 0.612, 0.147, 0.113},
{0.111, 0.972, 0.78, 0.166, 0.404, 0.839, 0.936, 0.306, 0.534, 0.744, 0.928, 0.909, 0.947, 0.931, 0.408, 0.58, 0.673, 0.472, 0.363, 0.329, 0.162, 0.768, 0.137, 0.0876, 0.74, 0.164, 0.486, 0.9, 0.331, 0.611},
{0.938, 0.37, 0.339, 0.607, 0.986, 0.197, 0.835, 0.852, 0.866, 0.886, 0.442, 0.335, 0.96, 0.951, 0.565, 0.817, 0.0748, 0.217, 0.857, 0.893, 0.135, 0.0268, 0.0706, 0.122, 0.0389, 0.453, 0.683, 0.904, 0.716, 0.836},
{0.945, 0.0763, 0.643, 0.245, 0.25, 0.436, 0.342, 0.668, 0.953, 0.636, 0.631, 0.0439, 0.0552, 0.173, 0.649, 0.446, 0.387, 0.414, 0.916, 0.0057, 0.179, 0.879, 0.959, 0.415, 0.177, 0.23, 0.263, 0.0786, 0.692, 0.672},
{0.574, 0.254, 0.224, 0.727, 0.821, 0.764, 0.557, 0.592, 0.18, 0.106, 0.479, 0.523, 0.0338, 0.051, 0.506, 0.972, 0.876, 0.0474, 0.262, 0.42, 0.399, 0.0329, 0.417, 0.113, 0.305, 0.469, 0.312, 0.17, 0.603, 0.691},
{0.676, 0.754, 0.405, 0.897, 0.0814, 0.28, 0.51, 0.363, 0.0223, 0.846, 0.268, 0.723, 0.769, 0.374, 0.522, 0.378, 0.39, 0.127, 0.62, 0.38, 0.586, 0.608, 0.794, 0.375, 0.231, 0.997, 0.403, 0.424, 0.766, 0.631},
{0.821, 0.796, 0.832, 0.194, 0.984, 0.0572, 0.808, 0.601, 0.879, 0.0481, 0.114, 0.77, 0.466, 0.566, 0.463, 0.744, 0.838, 0.852, 0.423, 0.869, 0.614, 0.194, 0.956, 0.978, 0.835, 0.255, 0.813, 0.807, 0.903, 0.93},
{0.945, 0.0724, 0.306, 0.832, 0.309, 0.947, 0.169, 0.734, 0.722, 0.866, 0.888, 0.549, 0.662, 0.884, 0.376, 0.679, 0.147, 0.0374, 0.681, 0.814, 0.0981, 0.42, 0.00239, 0.523, 0.828, 0.921, 0.373, 0.198, 0.545, 0.85},
{0.529, 0.21, 0.0294, 0.879, 0.73, 0.331, 0.856, 0.0416, 0.554, 0.785, 0.83, 0.717, 0.945, 0.475, 0.515, 0.82, 0.00941, 0.252, 0.0072, 0.659, 0.359, 0.277, 0.339, 0.15, 0.997, 0.841, 0.171, 0.368, 0.0343, 0.189},
{0.656, 0.62, 0.738, 0.214, 0.626, 0.517, 0.701, 0.0735, 0.486, 0.73, 0.132, 0.0871, 0.48, 0.414, 0.558, 0.475, 0.197, 0.476, 0.432, 0.785, 0.486, 0.175, 0.445, 0.0772, 0.158, 0.735, 0.533, 0.216, 0.126, 0.948},
{0.874, 0.827, 0.878, 0.957, 0.373, 0.779, 0.426, 0.691, 0.422, 0.243, 0.128, 0.65, 0.945, 0.69, 0.019, 0.996, 0.993, 0.388, 0.561, 0.17, 0.428, 0.239, 0.94, 0.467, 0.437, 0.0336, 0.315, 0.311, 0.925, 0.468},
{0.661, 0.148, 0.0349, 0.483, 0.1, 0.198, 0.321, 0.781, 0.864, 0.501, 0.35, 0.583, 0.282, 0.975, 0.744, 0.974, 0.45, 0.436, 0.935, 0.405, 0.449, 0.798, 0.152, 0.195, 0.294, 0.892, 0.411, 0.105, 0.968, 0.631},
{0.524, 0.325, 0.227, 0.465, 0.403, 0.454, 0.0301, 0.337, 0.169, 0.293, 0.769, 0.596, 0.844, 0.555, 0.681, 0.575, 0.643, 0.804, 0.0856, 0.795, 0.134, 0.221, 0.346, 0.991, 0.787, 0.00821, 0.697, 0.431, 0.677, 0.543},
{0.335, 0.221, 0.372, 0.581, 0.415, 0.565, 0.263, 0.123, 0.845, 0.182, 0.861, 0.743, 0.0267, 0.332, 0.829, 0.492, 0.941, 0.172, 0.778, 0.69, 0.208, 0.38, 0.0737, 0.193, 0.0348, 0.271, 0.202, 0.966, 0.181, 0.854},
{0.439, 0.0511, 0.345, 0.537, 0.862, 0.249, 0.61, 0.436, 0.956, 0.112, 0.849, 0.505, 0.352, 0.066, 0.23, 0.929, 0.451, 0.757, 0.219, 0.495, 0.96, 0.938, 0.721, 0.901, 0.617, 0.497, 0.257, 0.205, 0.604, 0.444},
{0.317, 0.871, 0.447, 0.941, 0.299, 0.119, 0.388, 0.718, 0.65, 0.548, 0.534, 0.438, 0.131, 0.209, 0.269, 0.865, 0.339, 0.627, 0.729, 0.897, 0.874, 0.438, 0.335, 0.809, 0.812, 0.628, 0.667, 0.283, 0.363, 0.565},
{0.199, 0.0594, 0.869, 0.288, 0.654, 0.287, 0.524, 0.753, 0.00845, 0.911, 0.482, 0.00634, 0.416, 0.674, 0.223, 0.473, 0.559, 0.565, 0.335, 0.839, 0.215, 0.804, 0.114, 0.212, 0.0342, 0.678, 0.6, 0.541, 0.826, 0.832},
{0.975, 0.48, 0.846, 0.832, 0.45, 0.166, 0.875, 0.083, 0.0282, 0.619, 0.097, 0.441, 0.816, 0.711, 0.0472, 0.0979, 0.748, 0.916, 0.156, 0.568, 0.88, 0.312, 0.65, 0.863, 0.662, 0.508, 0.838, 0.184, 0.8, 0.496},
{0.0445, 0.712, 0.638, 0.595, 0.711, 0.338, 0.181, 0.977, 0.441, 0.399, 0.16, 0.454, 0.00137, 0.765, 0.785, 0.508, 0.553, 0.855, 0.0854, 0.75, 0.626, 0.412, 0.969, 0.28, 0.618, 0.118, 0.405, 0.648, 0.827, 0.391},
{0.375, 0.372, 0.285, 0.933, 0.478, 0.229, 0.929, 0.864, 0.348, 0.757, 0.855, 0.537, 0.261, 0.705, 0.699, 0.343, 0.595, 0.352, 0.394, 0.112, 0.0234, 0.936, 0.832, 0.924, 0.588, 0.622, 0.207, 0.419, 0.0555, 0.742},
{0.039, 0.945, 0.193, 0.235, 0.174, 0.106, 0.858, 0.525, 0.254, 0.569, 0.0516, 0.267, 0.449, 0.188, 0.325, 0.686, 0.453, 0.792, 0.19, 0.458, 0.0247, 0.212, 0.415, 0.341, 0.587, 0.379, 0.371, 0.0183, 0.657, 0.586},
{0.803, 0.847, 0.126, 0.224, 0.683, 0.488, 0.657, 0.596, 0.0346, 0.614, 0.72, 0.633, 0.872, 0.144, 0.041, 0.588, 0.655, 0.733, 0.469, 0.0444, 0.899, 0.456, 0.55, 0.831, 0.833, 0.897, 0.309, 0.657, 0.255, 0.104},
{0.0264, 0.56, 0.974, 0.12, 0.0119, 0.501, 0.493, 0.0318, 0.66, 0.682, 0.814, 0.764, 0.296, 0.422, 0.518, 0.0612, 0.59, 0.672, 0.514, 0.365, 0.551, 0.502, 0.101, 0.555, 0.378, 0.139, 0.232, 0.751, 0.68, 0.395},
{0.137, 0.63, 0.84, 0.561, 0.685, 0.976, 0.545, 0.097, 0.142, 0.417, 0.74, 0.709, 0.208, 0.544, 0.538, 0.636, 0.488, 0.884, 0.852, 0.236, 0.788, 0.432, 0.758, 0.194, 0.873, 0.691, 0.881, 0.948, 0.596, 0.427},
{0.298, 0.148, 0.53, 0.613, 0.749, 0.246, 0.504, 0.245, 0.157, 0.539, 0.683, 0.00595, 0.745, 0.248, 0.0915, 0.971, 0.254, 0.472, 0.725, 0.824, 0.0373, 0.086, 0.637, 0.281, 0.0586, 0.933, 0.652, 0.686, 0.0463, 0.875},
{0.602, 0.979, 0.34, 0.54, 0.22, 0.498, 0.187, 0.862, 0.0999, 0.326, 0.52, 0.713, 0.351, 0.122, 0.471, 0.251, 0.856, 0.674, 0.15, 0.774, 0.271, 0.596, 0.467, 0.199, 0.155, 0.903, 0.99, 0.47, 0.891, 0.407},
{0.138, 0.494, 0.273, 0.149, 0.21, 0.428, 0.921, 0.312, 0.0267, 0.404, 0.904, 0.343, 0.201, 0.025, 0.227, 0.212, 0.312, 0.204, 0.0703, 0.0485, 0.496, 0.195, 0.925, 0.578, 0.229, 0.878, 0.0243, 0.0962, 0.313, 0.652},
{0.711, 0.92, 0.351, 0.497, 0.634, 0.522, 0.204, 0.049, 0.93, 0.819, 0.233, 0.773, 0.763, 0.305, 0.316, 0.552, 0.89, 1.0, 0.924, 0.29, 0.131, 0.409, 0.774, 0.349, 0.899, 0.959, 0.831, 0.908, 0.172, 0.618},
{0.668, 0.577, 0.561, 0.644, 0.463, 0.843, 0.371, 0.684, 0.158, 0.183, 0.789, 0.677, 0.525, 0.928, 0.598, 0.259, 0.193, 0.203, 0.0721, 0.641, 0.877, 0.54, 0.924, 0.149, 0.34, 0.971, 0.475, 0.906, 0.863, 0.713},
{0.425, 0.344, 0.229, 0.753, 0.874, 0.511, 0.5, 0.924, 0.483, 0.375, 0.109, 0.308, 0.933, 0.595, 0.0247, 0.045, 0.0598, 0.448, 0.0206, 0.872, 0.32, 0.882, 0.311, 0.988, 0.477, 0.896, 0.0774, 0.069, 0.659, 0.71},
{0.649, 0.512, 0.171, 0.423, 0.365, 0.25, 0.721, 0.121, 0.384, 0.71, 0.94, 0.65, 0.952, 0.753, 0.353, 0.49, 0.921, 0.674, 0.183, 0.465, 0.51, 0.595, 0.646, 0.215, 0.596, 0.835, 0.62, 0.67, 0.0542, 0.0841},
{0.84, 0.951, 0.903, 0.473, 0.00874, 0.431, 0.294, 0.859, 0.471, 0.898, 0.592, 0.915, 0.344, 0.0295, 0.0921, 0.858, 0.25, 0.641, 0.12, 0.894, 0.0447, 0.41, 0.547, 0.709, 0.186, 0.0345, 0.983, 0.596, 0.635, 0.034},
{0.179, 0.0442, 0.443, 0.646, 0.39, 0.874, 0.407, 0.533, 0.735, 0.25, 0.442, 0.246, 0.814, 0.149, 0.575, 0.662, 0.105, 0.13, 0.689, 0.846, 0.906, 0.468, 0.421, 0.049, 0.852, 0.00215, 0.857, 0.793, 0.264, 0.261},
{0.919, 0.257, 0.857, 0.721, 0.59, 0.414, 0.574, 0.255, 0.361, 0.635, 0.571, 0.122, 0.562, 0.705, 0.609, 0.0719, 0.459, 0.474, 0.39, 0.394, 0.26, 0.579, 0.592, 0.00236, 0.441, 0.967, 0.634, 0.877, 0.0113, 0.159},
{0.427, 0.454, 0.637, 0.466, 0.647, 0.788, 0.751, 0.625, 0.284, 0.575, 0.0498, 0.539, 0.502, 0.368, 0.0245, 0.109, 0.0584, 0.555, 0.414, 0.332, 0.829, 0.958, 0.729, 0.147, 0.183, 0.0997, 0.245, 0.726, 0.247, 0.503},
{0.0953, 0.169, 0.312, 0.582, 0.378, 0.804, 0.916, 0.973, 0.403, 0.558, 0.363, 0.371, 0.489, 0.105, 0.7, 0.222, 0.941, 0.74, 0.425, 0.835, 0.113, 0.194, 0.44, 0.762, 0.699, 0.842, 0.0254, 0.518, 0.64, 0.0201},
{0.846, 0.971, 0.303, 0.39, 0.268, 0.997, 0.811, 0.584, 0.5, 0.217, 0.687, 0.561, 0.327, 0.91, 0.191, 0.401, 0.468, 0.423, 0.00138, 0.486, 0.807, 0.667, 0.138, 0.269, 0.0362, 0.538, 0.261, 0.105, 0.468, 0.324},
{0.757, 0.832, 0.0452, 0.454, 0.234, 0.0705, 0.809, 0.149, 0.344, 0.449, 0.352, 0.832, 0.0624, 0.203, 0.021, 0.35, 0.818, 0.864, 0.895, 0.366, 0.129, 0.995, 0.799, 0.486, 0.635, 0.172, 0.88, 0.964, 0.657, 0.673},
{0.517, 0.054, 0.704, 0.589, 0.572, 0.36, 0.549, 0.299, 0.269, 0.747, 0.778, 0.525, 0.206, 0.652, 0.964, 0.431, 0.275, 0.891, 0.84, 0.453, 0.511, 0.262, 0.137, 0.836, 0.14, 0.561, 0.973, 0.0796, 0.34, 0.821},
{0.93, 0.743, 0.49, 0.864, 0.227, 0.322, 0.924, 0.491, 0.626, 0.159, 0.462, 0.907, 0.963, 0.58, 0.232, 0.196, 0.458, 0.729, 0.56, 0.936, 0.191, 0.806, 0.945, 0.291, 0.383, 0.648, 0.378, 0.149, 0.398, 0.888},
{0.547, 0.152, 0.583, 0.123, 0.676, 0.691, 0.362, 0.818, 0.0257, 0.196, 0.217, 0.889, 0.331, 0.318, 0.454, 0.176, 0.686, 0.817, 0.9, 0.271, 0.647, 0.244, 0.924, 0.399, 0.581, 0.76, 0.427, 0.304, 0.522, 0.655},
{0.69, 0.367, 0.0522, 0.414, 0.237, 0.392, 0.989, 0.406, 0.0951, 0.778, 0.885, 0.529, 0.105, 0.0322, 0.614, 0.391, 0.169, 0.829, 0.575, 0.864, 0.587, 0.0782, 0.257, 0.089, 0.871, 0.697, 0.214, 0.261, 0.688, 0.0601},
{0.698, 0.786, 0.819, 0.318, 0.48, 0.635, 0.282, 0.0534, 0.626, 0.973, 0.0142, 0.973, 0.247, 0.405, 0.759, 0.599, 0.492, 0.417, 0.0464, 0.167, 0.308, 0.837, 0.419, 0.176, 0.725, 0.413, 0.293, 0.316, 0.706, 0.822},
{0.0989, 0.718, 0.807, 0.709, 0.602, 0.731, 0.187, 0.574, 0.539, 0.693, 0.721, 0.603, 0.969, 0.4, 0.255, 0.758, 0.989, 0.221, 0.25, 0.725, 0.696, 0.0792, 0.352, 0.541, 0.552, 0.749, 0.65, 0.985, 0.541, 0.176},
{0.642, 0.0695, 0.763, 0.778, 0.181, 0.203, 0.359, 0.937, 0.916, 0.873, 0.913, 0.135, 0.00249, 0.912, 0.727, 0.44, 0.101, 0.695, 0.606, 0.305, 0.929, 0.838, 0.0597, 0.879, 0.891, 0.244, 0.0534, 0.299, 0.554, 0.557},
{0.711, 0.655, 0.988, 0.38, 0.611, 0.593, 0.238, 0.822, 0.568, 0.769, 0.456, 0.215, 0.051, 0.598, 0.451, 0.0754, 0.627, 0.0123, 0.686, 0.651, 0.075, 0.191, 0.987, 0.627, 0.0671, 0.457, 0.481, 0.833, 0.562, 0.801},
{0.54, 0.017, 0.301, 0.752, 0.745, 0.038, 0.0563, 0.532, 0.139, 0.0451, 0.522, 0.716, 0.294, 0.48, 0.995, 0.849, 0.953, 0.985, 0.238, 0.73, 0.277, 0.549, 0.172, 0.312, 0.954, 0.47, 0.291, 0.438, 0.705, 0.971},
{0.94, 0.857, 0.942, 0.55, 0.865, 0.237, 0.605, 0.393, 0.653, 0.127, 0.444, 0.436, 0.988, 0.0767, 0.274, 0.902, 0.843, 0.366, 0.959, 0.407, 0.0149, 0.0601, 0.157, 0.955, 0.642, 0.344, 0.0844, 0.404, 0.602, 0.338},
{0.832, 0.25, 0.933, 0.853, 0.99, 0.791, 0.671, 0.809, 0.611, 0.0159, 0.749, 0.238, 0.769, 0.798, 0.858, 0.122, 0.252, 0.223, 0.401, 0.485, 0.139, 0.135, 0.953, 0.475, 0.29, 0.231, 0.852, 0.366, 0.019, 0.288},
{0.83, 0.718, 0.47, 0.354, 0.824, 0.121, 0.459, 0.983, 0.358, 0.254, 0.809, 0.852, 0.147, 0.202, 0.442, 0.331, 0.809, 0.244, 0.754, 0.853, 0.843, 0.567, 0.0381, 0.149, 0.248, 0.611, 0.97, 0.697, 0.451, 0.0146},
{0.437, 0.954, 0.414, 0.343, 0.225, 0.207, 0.0887, 0.0845, 0.329, 0.132, 0.59, 0.6, 0.906, 0.381, 0.754, 0.996, 0.157, 0.789, 0.959, 0.12, 0.63, 0.0229, 0.362, 0.143, 0.734, 0.771, 0.947, 0.427, 0.48, 0.783},
{0.0218, 0.642, 0.714, 0.363, 0.0629, 0.338, 0.356, 0.134, 0.0549, 0.425, 0.438, 0.163, 0.714, 0.273, 0.928, 0.772, 0.245, 0.386, 0.636, 0.631, 0.52, 0.861, 0.71, 0.942, 0.832, 0.0804, 0.492, 0.819, 0.61, 0.356},
{0.752, 0.184, 0.743, 0.472, 0.577, 0.765, 0.41, 0.343, 0.431, 0.0181, 0.556, 0.232, 0.143, 0.0775, 0.416, 0.253, 0.871, 0.04, 0.714, 0.0902, 0.277, 0.185, 0.461, 0.173, 0.465, 0.953, 0.463, 0.732, 0.423, 0.766},
{0.963, 0.464, 0.014, 0.0227, 0.0394, 0.754, 0.765, 0.852, 0.668, 0.668, 0.983, 0.454, 0.59, 0.163, 0.974, 0.11, 0.375, 0.231, 0.364, 0.2, 0.333, 0.93, 0.819, 0.798, 0.155, 0.512, 0.656, 0.693, 0.453, 0.0959},
{0.138, 0.897, 0.555, 0.605, 0.456, 0.999, 0.242, 0.921, 0.677, 0.917, 0.29, 0.453, 0.169, 0.905, 0.972, 0.595, 0.287, 0.884, 0.925, 0.765, 0.321, 0.427, 0.00475, 0.99, 0.991, 0.996, 0.0452, 0.24, 0.997, 0.241},
{0.649, 0.971, 0.406, 0.462, 0.414, 0.582, 0.881, 0.549, 0.244, 0.747, 0.0363, 0.00673, 0.619, 0.821, 0.422, 0.861, 0.993, 0.786, 0.925, 0.565, 0.703, 0.438, 0.597, 0.209, 0.0248, 0.772, 0.171, 0.637, 0.292, 0.781},
{0.806, 0.285, 0.2, 0.112, 0.807, 0.833, 0.705, 0.294, 0.362, 0.00336, 0.154, 0.5, 0.543, 0.081, 0.549, 0.0365, 0.11, 0.992, 0.0766, 0.0291, 0.874, 0.0215, 0.312, 0.00861, 0.647, 0.505, 0.732, 0.35, 0.0461, 0.071},
{0.436, 0.777, 0.665, 0.268, 0.218, 0.387, 0.394, 0.663, 0.382, 0.902, 0.898, 0.739, 0.956, 0.102, 0.531, 0.167, 0.181, 0.66, 0.192, 0.305, 0.434, 0.807, 0.914, 0.979, 0.976, 0.575, 0.18, 0.901, 0.169, 0.531}};